doc_index,topic_1,topic_2,topic_3,topic_4,topic_5,topic_6,topic_7,topic_8,topic_9,topic_10,topic_11,topic_12,topic_13,topic_14,topic_15
0,0.06364152,0.12363617,0.09292727,0.00036232,0.17019567,0.12493528,0.00036232,0.00036232,0.00036232,0.13621843,0.00036232,0.00036232,0.00036232,0.00036232,0.28554710
1,0.00040651,0.00040650,0.00040651,0.00040650,0.00040651,0.00040651,0.78334794,0.07905887,0.00040650,0.00040650,0.00040650,0.00040650,0.00040650,0.00040651,0.13271513
2,0.31915687,0.00041152,0.00041152,0.12970164,0.00041152,0.00041152,0.38492923,0.00041152,0.00041152,0.00041152,0.00041152,0.00041152,0.00041152,0.16168551,0.00041152
3,0.06338251,0.00045662,0.00045662,0.05992566,0.00045662,0.00045662,0.53530679,0.05851610,0.00045662,0.11882918,0.00045662,0.00045662,0.00045662,0.02673375,0.13365303
4,0.03607925,0.00050505,0.11478552,0.03666889,0.00050505,0.00050505,0.00050505,0.00050505,0.00050505,0.00050505,0.28542337,0.00050505,0.00050505,0.00050505,0.52199246
5,0.00056497,0.00056497,0.22043760,0.00056497,0.00056497,0.00056497,0.15364635,0.05843282,0.00056497,0.02613527,0.06963082,0.00056497,0.00056497,0.00056497,0.46663239
6,0.33888329,0.07068352,0.21288988,0.00047962,0.00047962,0.07470639,0.00047962,0.00047962,0.00047962,0.00047962,0.00047962,0.00047962,0.16041185,0.00047962,0.13810851
7,0.49040353,0.00047962,0.00047962,0.04894301,0.05686043,0.25497716,0.00047962,0.02691609,0.00047962,0.00047962,0.00047962,0.00047962,0.11758324,0.00047962,0.00047962
8,0.00047619,0.00047619,0.00047619,0.09998883,0.01900598,0.26713810,0.00047619,0.00047619,0.00047619,0.60862899,0.00047619,0.00047619,0.00047619,0.00047619,0.00047619
9,0.00052494,0.00052494,0.25010096,0.16462651,0.00052494,0.33442384,0.12021125,0.00052494,0.01039382,0.00052494,0.00052494,0.00052494,0.00052494,0.00052494,0.11551920
10,0.63798325,0.15864333,0.00053333,0.19697340,0.00053333,0.00053333,0.00053333,0.00053333,0.00053333,0.00053333,0.00053333,0.00053334,0.00053333,0.00053333,0.00053333
11,0.00052494,0.00052494,0.29963678,0.00052494,0.00052494,0.00052494,0.00052494,0.16350392,0.00052494,0.38816623,0.04548404,0.00052493,0.00052494,0.01558194,0.08290266
12,0.00062305,0.00062305,0.38619370,0.00062305,0.08895934,0.00062305,0.15147681,0.05441923,0.04651916,0.00062305,0.00062305,0.00062305,0.00062306,0.00062306,0.26682427
13,0.47212922,0.09979359,0.18353953,0.08223673,0.00057971,0.00057971,0.00057971,0.00057971,0.00057971,0.00057971,0.00057971,0.00057971,0.15650382,0.00057971,0.00057971
14,0.00054645,0.00054645,0.00054645,0.00054645,0.00054645,0.12426765,0.00054645,0.19136605,0.00054645,0.00054645,0.00054645,0.00054645,0.00054645,0.00054645,0.67780891
15,0.00055097,0.00942204,0.17399847,0.03444645,0.00055097,0.00055097,0.06527938,0.04269073,0.00055097,0.05422956,0.00055097,0.00055097,0.00055097,0.00055096,0.61552564
16,0.15748781,0.00062893,0.61152752,0.00062893,0.00062893,0.00062893,0.00062893,0.00062893,0.07543034,0.00062893,0.00062893,0.00062893,0.06711208,0.00062893,0.08215294
17,0.13839441,0.00071685,0.00071685,0.00071685,0.00071685,0.00071685,0.00071685,0.00071685,0.00071685,0.00071685,0.63760657,0.00071685,0.16326724,0.05284646,0.00071685
18,0.66842049,0.00062893,0.00062893,0.00062893,0.00062893,0.16141429,0.00062893,0.00062893,0.00062893,0.00062893,0.00062893,0.00062893,0.16261803,0.00062893,0.00062893
19,0.12105838,0.00065360,0.00065360,0.10262766,0.53070807,0.00065360,0.00065360,0.00065360,0.08327651,0.00065360,0.09560185,0.00065360,0.06084516,0.00065360,0.00065360
20,0.00068027,0.10431657,0.14766830,0.17038983,0.00068027,0.48332189,0.00068027,0.08750068,0.00068027,0.00068027,0.00068027,0.00068027,0.00068027,0.00068027,0.00068027
21,0.75784751,0.00068729,0.00068729,0.02477062,0.20913443,0.00068729,0.00068729,0.00068729,0.00068729,0.00068729,0.00068729,0.00068729,0.00068729,0.00068729,0.00068729
22,0.50504156,0.20910892,0.00067340,0.27776870,0.00067340,0.00067340,0.00067340,0.00067340,0.00067340,0.00067340,0.00067340,0.00067340,0.00067340,0.00067340,0.00067340
23,0.05615545,0.00070176,0.58354506,0.00070176,0.07539690,0.00070176,0.04912922,0.20066619,0.00070176,0.00070176,0.00070176,0.02879138,0.00070176,0.00070176,0.00070176
24,0.27631362,0.00074074,0.48671054,0.00074074,0.00074074,0.00074074,0.00074074,0.00074074,0.00074074,0.00074074,0.22808693,0.00074074,0.00074074,0.00074074,0.00074074
25,0.00069445,0.00069444,0.00069445,0.00069445,0.70625791,0.00069445,0.00069445,0.06399306,0.00069445,0.06133128,0.00069445,0.00069444,0.00069445,0.00069445,0.16077885
26,0.00072464,0.00072464,0.00072464,0.00072464,0.08154219,0.14827493,0.00072464,0.13320199,0.00072464,0.18990521,0.20200350,0.00072464,0.00072464,0.00072464,0.23855042
27,0.81448359,0.00071685,0.00071685,0.00071685,0.00071685,0.00071685,0.00071685,0.17619740,0.00071685,0.00071685,0.00071685,0.00071685,0.00071685,0.00071685,0.00071685
28,0.07574819,0.00072464,0.71150710,0.00072464,0.00072464,0.09506411,0.00072464,0.03224788,0.00072464,0.07818633,0.00072464,0.00072464,0.00072464,0.00072464,0.00072464
29,0.00073260,0.00073260,0.14135337,0.00073260,0.00073260,0.00073260,0.18542271,0.00073260,0.00073260,0.50475112,0.00073260,0.16041417,0.00073260,0.00073260,0.00073260
30,0.34944165,0.03512904,0.28590639,0.00071685,0.00071685,0.00071685,0.07838094,0.00071685,0.05233165,0.00071685,0.19235869,0.00071685,0.00071685,0.00071685,0.00071685
31,0.19035288,0.00073260,0.13736761,0.07566455,0.00073260,0.00073260,0.56286343,0.00073260,0.00073260,0.00073260,0.00073260,0.00073260,0.02642550,0.00073260,0.00073260
32,0.00071685,0.00071685,0.10307883,0.00071685,0.22920412,0.12064184,0.00071685,0.12723284,0.00071685,0.41267390,0.00071685,0.00071685,0.00071685,0.00071685,0.00071685
33,0.00069445,0.00069445,0.40952016,0.00069445,0.04716601,0.00069445,0.00069445,0.00069445,0.00069445,0.37876218,0.13078451,0.00069445,0.00069445,0.02682268,0.00069445
34,0.00074074,0.09117825,0.19884071,0.00074074,0.00074074,0.00074074,0.08616925,0.12800719,0.00074074,0.00074074,0.00074074,0.00074074,0.00074074,0.00074074,0.48839718
35,0.00073260,0.27180412,0.00073260,0.13211384,0.02522558,0.00073260,0.34940069,0.00073260,0.00073260,0.00073260,0.00073260,0.21412975,0.00073260,0.00073260,0.00073260
36,0.00062305,0.00062305,0.00062306,0.00062305,0.00062305,0.07691480,0.01982683,0.65295992,0.00062305,0.00062305,0.00062305,0.00062305,0.06898323,0.00062305,0.17508468
37,0.72440454,0.17224515,0.00072464,0.00072464,0.00072464,0.09465464,0.00072464,0.00072464,0.00072464,0.00072464,0.00072464,0.00072464,0.00072464,0.00072464,0.00072464
38,0.00080321,0.00080321,0.47305764,0.00080321,0.00080321,0.00080321,0.00080321,0.00080322,0.00080321,0.41358190,0.10372188,0.00080321,0.00080322,0.00080321,0.00080322
39,0.04693775,0.00074074,0.00074074,0.00074074,0.00074074,0.78178893,0.08569396,0.07743120,0.00074074,0.00074074,0.00074074,0.00074074,0.00074074,0.00074074,0.00074074
40,0.00081301,0.05090800,0.00081301,0.00081301,0.11386122,0.00081301,0.43035825,0.00081301,0.00081301,0.00081301,0.00081301,0.00081301,0.00081301,0.39592942,0.00081301
41,0.00082305,0.00082305,0.10350580,0.00082305,0.00082305,0.00082305,0.02791380,0.00082305,0.00082305,0.39858854,0.00082305,0.00082305,0.06061389,0.00082305,0.40114750
42,0.00076629,0.07452075,0.00076629,0.60896456,0.00076628,0.00076629,0.00076629,0.00076629,0.00076628,0.00076628,0.30731925,0.00076628,0.00076629,0.00076629,0.00076629
43,0.55594924,0.00076628,0.00076629,0.00076629,0.00076629,0.24940532,0.00076628,0.00076629,0.00076629,0.00076628,0.00076629,0.00076629,0.18545001,0.00076628,0.00076629
44,0.00072464,0.00072464,0.00072464,0.00072464,0.00072464,0.00072464,0.00072464,0.11783100,0.00072464,0.58910182,0.10292639,0.05066547,0.05507378,0.03287285,0.04573157
45,0.00077520,0.20832450,0.33608822,0.00077520,0.00077519,0.00077519,0.00077520,0.31527304,0.00077519,0.00077519,0.00077520,0.00077519,0.00077519,0.00077519,0.13178709
46,0.00082305,0.04520992,0.00082305,0.00082305,0.00082305,0.00082305,0.00082305,0.37906343,0.00082305,0.00082305,0.00082305,0.00082305,0.00082305,0.00082305,0.56585009
47,0.00078432,0.00078431,0.00078432,0.05460793,0.08116356,0.30171538,0.00078432,0.00078432,0.00078431,0.00078432,0.00078431,0.11473846,0.11640396,0.32431187,0.00078432
48,0.12541795,0.00082305,0.00082305,0.00082305,0.00082305,0.22946647,0.00082305,0.00082305,0.00082305,0.50657976,0.00082305,0.12948230,0.00082305,0.00082305,0.00082305
49,0.00075758,0.00075758,0.27603958,0.00075758,0.03602124,0.10460100,0.00075758,0.04505669,0.28442623,0.05535228,0.00075758,0.00075758,0.00075758,0.00075758,0.19244237
50,0.00081301,0.00081301,0.00081301,0.00081301,0.09257534,0.00081301,0.00081301,0.18562499,0.00081301,0.55908018,0.15377637,0.00081301,0.00081301,0.00081301,0.00081301
51,0.00078432,0.07056894,0.00078432,0.00078431,0.00078432,0.18897269,0.00078432,0.00078432,0.00078431,0.00078432,0.13282337,0.00078432,0.59900753,0.00078432,0.00078432
52,0.00088889,0.00088889,0.00088889,0.00088889,0.53335043,0.00088889,0.00088889,0.00088889,0.00088889,0.45509400,0.00088889,0.00088889,0.00088889,0.00088889,0.00088889
53,0.09177285,0.67182491,0.09565289,0.00086580,0.00086581,0.00086580,0.00086580,0.00086580,0.00086580,0.00086580,0.00086580,0.08507462,0.00086580,0.00086580,0.04701670
54,0.00087719,0.00087719,0.00087719,0.00087720,0.43339164,0.00087719,0.00087719,0.00087719,0.00087719,0.47663194,0.00087719,0.00087719,0.00087720,0.00087720,0.07945008
55,0.22399235,0.62487680,0.14137472,0.00081301,0.00081301,0.00081301,0.00081301,0.00081301,0.00081301,0.00081301,0.00081301,0.00081301,0.00081301,0.00081301,0.00081301
56,0.00078432,0.00078431,0.00078431,0.03627932,0.05071389,0.37223327,0.00078431,0.00078431,0.53214605,0.00078431,0.00078431,0.00078431,0.00078432,0.00078431,0.00078431
57,0.09736845,0.10178489,0.00082305,0.00082305,0.25447736,0.34398517,0.00082305,0.00082305,0.00082305,0.00082305,0.00082305,0.00082305,0.14545806,0.04951865,0.00082305
58,0.00088889,0.00088889,0.00088889,0.00088889,0.58209038,0.00088889,0.00088889,0.00088889,0.00088889,0.31684934,0.00088889,0.00088889,0.00088889,0.09039358,0.00088889
59,0.11703684,0.00095238,0.00095238,0.00095238,0.00095238,0.00095238,0.00095238,0.49274437,0.00095238,0.00095238,0.05951028,0.00095238,0.00095238,0.00095238,0.32023230
60,0.00082305,0.00082305,0.00082305,0.00082305,0.00082305,0.00082305,0.00082305,0.00082305,0.00082305,0.00082305,0.00082305,0.00082305,0.98847734,0.00082305,0.00082305
61,0.00081301,0.00081301,0.17158317,0.04591482,0.00081301,0.33654378,0.00081301,0.24556402,0.00081301,0.00081301,0.00081301,0.00081301,0.07293300,0.06856807,0.05238906
62,0.00091324,0.00091324,0.00091324,0.00091324,0.39467830,0.00091324,0.00091324,0.00091324,0.00091324,0.59344954,0.00091324,0.00091324,0.00091324,0.00091324,0.00091324
63,0.00095238,0.00095238,0.09417122,0.04205467,0.00095238,0.21833832,0.00095238,0.00095238,0.14928994,0.07181186,0.41576254,0.00095238,0.00095238,0.00095238,0.00095238
64,0.00088889,0.00088889,0.50130621,0.00088889,0.00088889,0.00088889,0.02586982,0.19839519,0.00088889,0.24706583,0.00088889,0.00088889,0.01847404,0.00088889,0.00088889
65,0.71694557,0.27165089,0.00087720,0.00087720,0.00087719,0.00087720,0.00087720,0.00087719,0.00087720,0.00087719,0.00087720,0.00087719,0.00087720,0.00087720,0.00087720
66,0.52143049,0.00098040,0.18558952,0.00098039,0.17524445,0.10695120,0.00098039,0.00098039,0.00098039,0.00098039,0.00098039,0.00098039,0.00098040,0.00098039,0.00098039
67,0.00085470,0.14226090,0.16590148,0.00085470,0.00085470,0.00085470,0.10400927,0.32875121,0.00085470,0.00085470,0.00085470,0.00085470,0.00085470,0.25053011,0.00085470
68,0.00111112,0.00111111,0.29932671,0.00111111,0.00111111,0.32566237,0.00111111,0.00111111,0.02358187,0.10896150,0.18892643,0.00111111,0.04354111,0.00111111,0.00111111
69,0.76611518,0.00092593,0.00092593,0.00092593,0.00092593,0.00092593,0.00092593,0.05799524,0.00092593,0.00092593,0.09565346,0.04332105,0.00092593,0.02765580,0.00092593
70,0.12575592,0.00105820,0.00105820,0.00105820,0.00105821,0.00105821,0.00105820,0.03938604,0.00105820,0.00105820,0.35478716,0.00105820,0.00105820,0.00105820,0.46843064
71,0.00111111,0.00111111,0.09419540,0.06460035,0.00111111,0.00111111,0.00111111,0.00111111,0.00111111,0.21574012,0.00111111,0.00111111,0.17668691,0.43766609,0.00111111
72,0.00086580,0.00086580,0.00086581,0.00086580,0.00086580,0.20865868,0.00086580,0.09543458,0.00086580,0.62083043,0.00086580,0.00086580,0.00086580,0.00086580,0.06555247
73,0.00093897,0.15436654,0.00093897,0.00093897,0.00093897,0.00093897,0.00093897,0.25838921,0.00093897,0.00093897,0.46611911,0.00093897,0.11079648,0.00093897,0.00093897
74,0.00099503,0.00099503,0.00099503,0.00099503,0.10682256,0.00099503,0.00099503,0.00099503,0.00099503,0.78484662,0.09639051,0.00099503,0.00099503,0.00099503,0.00099503
75,0.68640220,0.00099503,0.00099503,0.00099503,0.00099503,0.00099503,0.10725280,0.19440466,0.00099503,0.00099503,0.00099503,0.00099503,0.00099503,0.00099503,0.00099503
76,0.41387458,0.14482329,0.00107527,0.40974119,0.00107527,0.00107527,0.00107527,0.00107527,0.00107527,0.01973297,0.00107527,0.00107527,0.00107527,0.00107527,0.00107527
77,0.25848421,0.17690811,0.00091324,0.17510563,0.00091324,0.00091324,0.00091324,0.00091324,0.00091324,0.00091324,0.00091325,0.00091324,0.37945639,0.00091324,0.00091324
78,0.00102564,0.00102564,0.00102564,0.00102564,0.00102564,0.00102564,0.00102564,0.00102564,0.00102564,0.94107019,0.04559646,0.00102564,0.00102564,0.00102564,0.00102564
79,0.53676567,0.00098040,0.38988386,0.00098040,0.00098040,0.00098039,0.00098039,0.06158574,0.00098039,0.00098039,0.00098039,0.00098039,0.00098039,0.00098039,0.00098039
80,0.00107527,0.00107527,0.00107527,0.00107527,0.30375161,0.09050663,0.00107527,0.04009462,0.00107527,0.29585721,0.00107527,0.00107527,0.19388156,0.06623092,0.00107527
81,0.00109290,0.00109290,0.00109290,0.26933310,0.00109290,0.00109290,0.03178265,0.00109290,0.00109290,0.26293332,0.00109290,0.02690495,0.39811700,0.00109290,0.00109290
82,0.00114943,0.00114943,0.00114943,0.00114943,0.00114943,0.13109903,0.00114943,0.45674958,0.00114943,0.00114943,0.00114943,0.00114943,0.39835826,0.00114943,0.00114943
83,0.46208055,0.45397370,0.00128205,0.00128206,0.00128205,0.00128205,0.00128205,0.00128205,0.00128205,0.00128205,0.06856110,0.00128205,0.00128205,0.00128205,0.00128205
84,0.00109290,0.11007795,0.02814774,0.71950798,0.00109290,0.00109290,0.00109290,0.00109290,0.00109290,0.00109290,0.13024445,0.00109290,0.00109290,0.00109290,0.00109290
85,0.00121213,0.19102696,0.64124049,0.00121212,0.00121213,0.00121213,0.00121212,0.10043244,0.00121212,0.00121212,0.00121212,0.00121212,0.00121213,0.00121213,0.05396672
86,0.00109290,0.00109290,0.00109290,0.00109290,0.00109290,0.00109290,0.00109290,0.33344950,0.00109290,0.00109290,0.00109290,0.00109290,0.65234282,0.00109290,0.00109290
87,0.00125786,0.00125786,0.00125786,0.00125786,0.00125786,0.00125787,0.00125786,0.81975814,0.00125786,0.10481775,0.00125786,0.00125786,0.00125786,0.00125786,0.06032974
88,0.63791372,0.34403070,0.00138889,0.00138889,0.00138889,0.00138889,0.00138889,0.00138889,0.00138889,0.00138889,0.00138889,0.00138889,0.00138889,0.00138889,0.00138889
89,0.00130719,0.00130719,0.00130719,0.00130719,0.00130720,0.00130719,0.46147201,0.00130719,0.16521563,0.22899694,0.00130719,0.00130719,0.00130719,0.00130719,0.12993630
90,0.00151516,0.27336641,0.09050380,0.00151515,0.00151515,0.11470108,0.00151516,0.00151515,0.00151515,0.50476200,0.00151516,0.00151515,0.00151515,0.00151515,0.00151515
91,0.00162602,0.00162602,0.00162602,0.00162602,0.09044748,0.56657741,0.00162602,0.11405286,0.00162602,0.00162602,0.00162602,0.00162602,0.21103604,0.00162602,0.00162602
92,0.17079325,0.00175439,0.00175439,0.06244739,0.00175439,0.06809503,0.00175439,0.00175439,0.00175440,0.52153898,0.15958144,0.00175439,0.00175439,0.00175439,0.00175439
93,0.48830748,0.00208334,0.00208334,0.00208334,0.13863806,0.16038356,0.00208334,0.00208334,0.05748948,0.00208334,0.00208334,0.00208334,0.00208334,0.13434803,0.00208334
94,0.00222223,0.00222222,0.00222223,0.00222223,0.12258287,0.36018022,0.00222223,0.00222223,0.00222223,0.25848839,0.00222223,0.00222223,0.00222222,0.00222222,0.23430403
95,0.30240058,0.23408368,0.00208334,0.00208334,0.00208334,0.00208334,0.15229316,0.00208334,0.00208333,0.00208334,0.00208334,0.00208334,0.00208334,0.00208334,0.28830587
96,0.23678835,0.09916112,0.15464421,0.04405106,0.00034904,0.07529700,0.00034904,0.00034904,0.00034904,0.00034904,0.32304263,0.01182212,0.00034904,0.00034904,0.05275023
97,0.00044445,0.00044445,0.53440439,0.00044445,0.00044445,0.04125392,0.23801837,0.00044445,0.00044444,0.00044445,0.03430207,0.05218409,0.00044445,0.09583715,0.00044445
98,0.00037453,0.00037453,0.13549070,0.00037453,0.09358254,0.00037453,0.15154666,0.20307238,0.00037453,0.33323377,0.00037453,0.00037453,0.00037453,0.07970315,0.00037453
99,0.00043011,0.00043011,0.00043011,0.00043011,0.20054502,0.00043011,0.27234202,0.36482692,0.00043011,0.00043011,0.02514113,0.00043011,0.07985528,0.00043011,0.05341866
100,0.00043290,0.00043290,0.00043290,0.00043290,0.00043290,0.00043290,0.20795940,0.11570106,0.00043290,0.08258061,0.35699436,0.00043290,0.00043290,0.23243555,0.00043290
101,0.00046296,0.00046296,0.14544877,0.00046296,0.00046296,0.17987587,0.53996313,0.00046296,0.00046296,0.00046297,0.00046296,0.00046296,0.00046296,0.06338975,0.06669284
102,0.00046296,0.03117283,0.14815540,0.00046296,0.00046296,0.17924911,0.14890975,0.11648390,0.00046296,0.00046296,0.00046296,0.17688891,0.00046296,0.19543638,0.00046296
103,0.00042463,0.00042463,0.18241111,0.00042463,0.00042463,0.07729119,0.50208799,0.00042463,0.00042463,0.15537741,0.00042463,0.00042463,0.02177274,0.05723790,0.00042463
104,0.65496690,0.22964960,0.00043290,0.00043290,0.00043290,0.00043290,0.01694185,0.00043290,0.00043290,0.00043290,0.00043290,0.00043290,0.02787072,0.00043290,0.06624192
105,0.00050125,0.00050126,0.00050125,0.00050125,0.00050125,0.24959826,0.43379865,0.00050125,0.00050125,0.00050125,0.00050125,0.01904443,0.04493821,0.24760792,0.00050125
106,0.00044743,0.00044743,0.39247156,0.00044743,0.00044743,0.00044743,0.00044743,0.37700475,0.00044743,0.00044743,0.00044743,0.14569281,0.07990917,0.00044743,0.00044743
107,0.05933628,0.23387504,0.37747493,0.06035943,0.00049383,0.26401604,0.00049383,0.00049383,0.00049383,0.00049383,0.00049383,0.00049383,0.00049383,0.00049383,0.00049383
108,0.00047619,0.00047619,0.34733309,0.00047619,0.18860810,0.07840208,0.00047619,0.09108964,0.03041380,0.03346612,0.22687764,0.00047619,0.00047619,0.00047619,0.00047619
109,0.00049751,0.00049751,0.00049751,0.02295151,0.00049751,0.00049751,0.51467643,0.19225425,0.00049751,0.00049751,0.00049751,0.00049751,0.00049751,0.26464515,0.00049751
110,0.00053764,0.00053764,0.00053764,0.00053764,0.00053763,0.00053764,0.08166611,0.20451676,0.00053763,0.18169588,0.00053764,0.00053764,0.00053764,0.32300702,0.20373787
111,0.00049020,0.00049020,0.00049020,0.00049020,0.01527854,0.00049020,0.00049020,0.00049020,0.16313203,0.45069350,0.00049020,0.00049020,0.36550375,0.00049020,0.00049020
112,0.00050125,0.01166273,0.00050125,0.00050125,0.02517979,0.05751713,0.00050125,0.49100915,0.00050125,0.31177785,0.00050125,0.00050125,0.00050125,0.00050125,0.09834206
113,0.00057971,0.00057971,0.00057971,0.00057971,0.31025275,0.10158254,0.00057971,0.28261151,0.00057971,0.00057971,0.00057971,0.00057971,0.29917637,0.00057971,0.00057971
114,0.00057471,0.00057471,0.00057471,0.00057471,0.00057471,0.48796951,0.40725379,0.03634699,0.00057471,0.00057471,0.00057471,0.00057471,0.06210787,0.00057471,0.00057471
115,0.21702162,0.00059524,0.00059524,0.00059524,0.15302089,0.00059524,0.00059524,0.00059524,0.00059524,0.00059524,0.12432710,0.00059524,0.49908276,0.00059524,0.00059524
116,0.00056980,0.00056980,0.25874121,0.00056980,0.00056980,0.00056980,0.22657644,0.00056980,0.03087968,0.00056980,0.06469812,0.09862989,0.00056980,0.00056980,0.31534645
117,0.48580165,0.00062305,0.21241455,0.12556145,0.00062306,0.00062305,0.00062305,0.00062305,0.00062305,0.00062305,0.16936875,0.00062306,0.00062306,0.00062305,0.00062305
118,0.00056497,0.00056497,0.00056497,0.00056497,0.00056497,0.38657229,0.00056497,0.05820191,0.28957814,0.00056497,0.00056497,0.00056497,0.12549211,0.00056497,0.13450583
119,0.23011417,0.00074074,0.00074074,0.00074074,0.27504880,0.43847714,0.00074074,0.00074074,0.00074074,0.00074074,0.04821172,0.00074074,0.00074074,0.00074074,0.00074074
120,0.00062305,0.37059983,0.06441234,0.00062305,0.07807535,0.00062305,0.00062305,0.00062305,0.00062305,0.13301136,0.12687708,0.00062305,0.00062305,0.00062306,0.22141655
121,0.60489438,0.00062893,0.00062893,0.00062893,0.02730930,0.04848753,0.00062893,0.00062893,0.10820396,0.00062893,0.00062893,0.00062893,0.00062893,0.00062893,0.20481550
122,0.54097087,0.07156075,0.00054645,0.00054645,0.00054645,0.00054645,0.00054645,0.00054645,0.00054645,0.00054645,0.21630993,0.10888066,0.05681331,0.00054645,0.00054645
123,0.07053800,0.00061162,0.00061162,0.00061162,0.00061162,0.11894842,0.60210921,0.00061162,0.00061162,0.18728474,0.00061162,0.00061162,0.01500342,0.00061162,0.00061162
124,0.00065360,0.00065360,0.37253249,0.00065360,0.00065360,0.00065360,0.00065360,0.00065360,0.00065360,0.00065360,0.00065360,0.00065360,0.00065360,0.07980215,0.53982220
125,0.10459335,0.10848547,0.00063492,0.00063492,0.06294610,0.00063492,0.00063492,0.12850178,0.00063492,0.07637865,0.09000357,0.00063492,0.00063492,0.00063492,0.42401169
126,0.00060606,0.00060606,0.06678740,0.00060606,0.03819721,0.00060606,0.00060606,0.00060606,0.00060606,0.28046946,0.15021137,0.13615819,0.32272181,0.00060606,0.00060606
127,0.00059524,0.00059524,0.40975757,0.05793174,0.00059524,0.22143333,0.00059524,0.08457779,0.00059524,0.13698840,0.00059524,0.00059524,0.00059524,0.08395401,0.00059524
128,0.00058480,0.00058480,0.00058480,0.00058480,0.00058480,0.05731417,0.40922166,0.15877878,0.00058480,0.00058480,0.02883680,0.00058480,0.00058480,0.34000062,0.00058480
129,0.02040082,0.00069445,0.27824900,0.00069444,0.30306503,0.18932434,0.00069445,0.03246085,0.11195616,0.05898823,0.00069445,0.00069445,0.00069445,0.00069445,0.00069445
130,0.00064725,0.00064725,0.29342364,0.06541328,0.05121231,0.00064725,0.00064725,0.00064725,0.01239880,0.01473085,0.27721425,0.00064725,0.00064725,0.00064725,0.28042887
131,0.00060060,0.00060060,0.00060060,0.50802210,0.00060060,0.00060060,0.00060060,0.00060060,0.00060060,0.09217723,0.00060060,0.00060060,0.39259344,0.00060060,0.00060060
132,0.00066007,0.00066007,0.05041042,0.05677052,0.14263294,0.06018910,0.00066007,0.02926427,0.00066007,0.00066007,0.31403761,0.00066007,0.34141460,0.00066007,0.00066007
133,0.28198878,0.52693193,0.00061729,0.00061729,0.00061728,0.03733452,0.00061729,0.00061728,0.00061728,0.00061728,0.00061729,0.00061729,0.02603725,0.00061728,0.12153467
134,0.00067340,0.00067340,0.00067340,0.00067340,0.00067340,0.28767143,0.00067340,0.20964828,0.00067340,0.49459947,0.00067340,0.00067340,0.00067340,0.00067340,0.00067340
135,0.00066667,0.00066667,0.18882336,0.00066667,0.00066667,0.46526661,0.00066667,0.00066667,0.07187099,0.00066667,0.00066667,0.00066667,0.26670569,0.00066667,0.00066667
136,0.11535763,0.00071685,0.00071685,0.00071685,0.80260087,0.00071685,0.00071685,0.01666756,0.01374325,0.00071685,0.00071685,0.04446222,0.00071685,0.00071685,0.00071685
137,0.00070176,0.00070176,0.00070176,0.00070176,0.00070176,0.00070176,0.00070176,0.49216164,0.00070175,0.00070176,0.00070176,0.00070176,0.00070176,0.00070176,0.49871552
138,0.00071685,0.00071685,0.00071685,0.00071685,0.12345608,0.04841368,0.00071685,0.00071685,0.24573307,0.22835168,0.00071685,0.17726530,0.17032856,0.00071685,0.00071685
139,0.26049979,0.06950505,0.12902907,0.32844976,0.00067340,0.03233969,0.12742965,0.00067340,0.00067340,0.00067340,0.00067340,0.00067340,0.04735978,0.00067340,0.00067340
140,0.00091324,0.00091324,0.47576609,0.00091324,0.00091324,0.00091324,0.00091324,0.00091324,0.00091324,0.00091324,0.00091325,0.00091324,0.00091324,0.00091325,0.51236174
141,0.59846668,0.17168365,0.10961840,0.00064103,0.00064103,0.00064103,0.03813096,0.07569005,0.00064103,0.00064103,0.00064103,0.00064103,0.00064103,0.00064103,0.00064103
142,0.00071685,0.13817473,0.10595906,0.00071685,0.00071685,0.08853384,0.00071685,0.02467733,0.00071685,0.02837905,0.06583607,0.00071685,0.54270515,0.00071685,0.00071685
143,0.00068729,0.00068729,0.16496318,0.00068729,0.23389026,0.00068729,0.00068729,0.00068729,0.00068729,0.12696464,0.18874064,0.00068729,0.00068729,0.00068729,0.27856842
144,0.10965332,0.00068027,0.00068027,0.00068027,0.00068027,0.00068028,0.00068027,0.00068028,0.00068027,0.20478666,0.00068028,0.00068027,0.43974230,0.15858901,0.08042598
145,0.00078432,0.00078431,0.07847617,0.02119465,0.00078432,0.00078432,0.00078432,0.05897816,0.12089085,0.46105951,0.09466711,0.00078432,0.02208196,0.00078431,0.13716139
146,0.20517806,0.14801320,0.37862475,0.00075758,0.00075758,0.25985063,0.00075758,0.00075758,0.00075758,0.00075758,0.00075758,0.00075758,0.00075758,0.00075758,0.00075758
147,0.00065360,0.00065360,0.00065360,0.00065360,0.00065360,0.50282958,0.07906378,0.00065360,0.00065360,0.00065360,0.00065360,0.00065360,0.26443151,0.14648557,0.00065360
148,0.00071685,0.00071685,0.00071685,0.00071685,0.00071685,0.22481693,0.02429774,0.00071685,0.01907676,0.43069784,0.00071685,0.29394225,0.00071685,0.00071685,0.00071685
149,0.46130278,0.00073260,0.00073260,0.00073260,0.20194566,0.09675499,0.00073260,0.00073260,0.00073260,0.05714979,0.17552075,0.00073260,0.00073260,0.00073260,0.00073260
150,0.47781519,0.05679681,0.24532450,0.00066667,0.19027959,0.02311723,0.00066667,0.00066667,0.00066667,0.00066667,0.00066667,0.00066667,0.00066667,0.00066667,0.00066667
151,0.00085470,0.00085470,0.00085470,0.02154173,0.00085471,0.00085470,0.00085470,0.25215955,0.00085470,0.00085470,0.00085470,0.00085470,0.00085470,0.00085470,0.71604229
152,0.26610518,0.00085470,0.00085470,0.00085470,0.00085470,0.00085470,0.00085470,0.05588822,0.07355117,0.00085470,0.00085470,0.00085470,0.00085470,0.00085470,0.59505370
153,0.00080322,0.00080321,0.33878768,0.08258788,0.00080321,0.00080321,0.00080321,0.14940049,0.07354575,0.00080321,0.00080322,0.00080321,0.34764605,0.00080321,0.00080321
154,0.00085470,0.00085470,0.78853413,0.00085470,0.00085470,0.00085470,0.00085470,0.20035474,0.00085470,0.00085470,0.00085470,0.00085470,0.00085470,0.00085470,0.00085470
155,0.00071685,0.00071685,0.00071685,0.23187404,0.04721596,0.00071685,0.00071685,0.33829176,0.00071685,0.37473293,0.00071685,0.00071685,0.00071685,0.00071685,0.00071685
156,0.00078431,0.00078432,0.00078432,0.00078431,0.31627780,0.00078431,0.00078431,0.16647139,0.00078432,0.24485575,0.19363049,0.00078431,0.07092142,0.00078431,0.00078432
157,0.00079365,0.00079365,0.42145903,0.00079365,0.00079365,0.12376576,0.00079365,0.00079365,0.00079365,0.00079365,0.12694863,0.00079365,0.31909641,0.00079365,0.00079365
158,0.00079365,0.00079365,0.00079365,0.00079365,0.10131729,0.00079365,0.00079365,0.06267243,0.00079365,0.51183998,0.15819937,0.00079365,0.00079365,0.00079365,0.15803440
159,0.00078431,0.00078431,0.01888522,0.10282008,0.00078432,0.00078432,0.00078431,0.13168280,0.00078431,0.12178201,0.00078431,0.00078431,0.61698674,0.00078432,0.00078431
160,0.19880652,0.18941381,0.12405111,0.00078431,0.00078432,0.00078432,0.00078432,0.00078432,0.00078431,0.21331782,0.15727966,0.00078432,0.00078432,0.00078432,0.11007224
161,0.00079365,0.00079365,0.52542901,0.00079365,0.00079365,0.13962093,0.00079365,0.26521379,0.00079365,0.06100609,0.00079365,0.00079365,0.00079365,0.00079365,0.00079365
162,0.72147953,0.00079365,0.00079365,0.00079365,0.07773199,0.16525960,0.00079365,0.00079365,0.00079365,0.00079365,0.00079365,0.00079365,0.00079365,0.02679869,0.00079365
163,0.16213068,0.13491453,0.29475888,0.00077520,0.00077520,0.00077519,0.32640674,0.00077520,0.00077520,0.00077520,0.01956810,0.00077520,0.05524430,0.00077520,0.00077520
164,0.00075758,0.00075758,0.00075758,0.00075758,0.33772502,0.00075758,0.00075758,0.00075758,0.00075758,0.31857416,0.00075758,0.00075758,0.33460989,0.00075758,0.00075758
165,0.00079365,0.00079365,0.00079365,0.00079365,0.00079365,0.00079365,0.00079365,0.48490421,0.00079365,0.00079365,0.00079365,0.00079365,0.02008338,0.00079365,0.48548858
166,0.00086580,0.00086581,0.48836843,0.00086580,0.00086580,0.00086580,0.00086580,0.00086580,0.00086580,0.00086580,0.00086580,0.00086580,0.42400926,0.00086580,0.07723267
167,0.00084388,0.00084388,0.00084388,0.00084388,0.00084388,0.00084388,0.00084388,0.17136261,0.00084388,0.00084388,0.00084388,0.00084388,0.00084388,0.00084388,0.81766691
168,0.00083334,0.00083333,0.00083334,0.00083333,0.36105414,0.19612596,0.00083333,0.00083334,0.00083333,0.17625363,0.00083334,0.00083333,0.25739959,0.00083333,0.00083334
169,0.00079365,0.00079365,0.00079365,0.00079365,0.05236380,0.00079365,0.02235556,0.00079365,0.14522231,0.46219572,0.24537272,0.00079365,0.06534702,0.00079365,0.00079365
170,0.00096619,0.00096619,0.00096619,0.00096619,0.00096619,0.00096619,0.00096619,0.00096618,0.00096618,0.18521792,0.20620626,0.08080201,0.00096618,0.00096618,0.51714577
171,0.77778019,0.10483091,0.00087720,0.10686256,0.00087719,0.00087719,0.00087720,0.00087720,0.00087719,0.00087719,0.00087719,0.00087719,0.00087719,0.00087720,0.00087720
172,0.00090090,0.00090091,0.81233410,0.00090090,0.00090090,0.00090090,0.17595416,0.00090091,0.00090090,0.00090090,0.00090090,0.00090090,0.00090090,0.00090090,0.00090090
173,0.15959424,0.00086580,0.09924376,0.00086580,0.00086580,0.20020774,0.00086580,0.09212009,0.00086580,0.00086580,0.34740725,0.00086580,0.09363469,0.00086580,0.00086580
174,0.00080321,0.00080321,0.00080321,0.00080321,0.00080321,0.04991492,0.11882879,0.78708679,0.00080321,0.00080321,0.00080321,0.00080321,0.00080321,0.00080321,0.03533415
175,0.02409825,0.00092593,0.17170076,0.00092593,0.00092593,0.00092593,0.00092593,0.43155589,0.00092593,0.01937895,0.00092593,0.05917663,0.05393364,0.00092593,0.23274846
176,0.00086580,0.00086580,0.49366666,0.00086580,0.25442965,0.00086580,0.00086580,0.04191115,0.08225852,0.05541996,0.06452183,0.00086580,0.00086580,0.00086580,0.00086580
177,0.00105820,0.00105820,0.00105820,0.00105820,0.00105820,0.00105821,0.02795004,0.00105820,0.00105820,0.00105820,0.00105820,0.05979345,0.00105820,0.00105820,0.89955807
178,0.64479613,0.15126260,0.07431102,0.00090090,0.05239450,0.00090090,0.00090090,0.00090090,0.00090090,0.00090090,0.06822672,0.00090090,0.00090090,0.00090090,0.00090090
179,0.00083334,0.00083333,0.00083334,0.00083333,0.00083334,0.65571773,0.00083334,0.00083334,0.09152683,0.09156556,0.00083334,0.08034282,0.07251371,0.00083334,0.00083334
180,0.00087719,0.00087719,0.00087720,0.00087719,0.00087720,0.00087720,0.20451225,0.00087720,0.00087719,0.42518476,0.11495500,0.00087719,0.00087720,0.00087719,0.24569884
181,0.00092593,0.00092593,0.00092593,0.00092593,0.00092593,0.00092593,0.00092593,0.00092593,0.02154114,0.19017956,0.65929245,0.00092593,0.00092593,0.00092593,0.11880164
182,0.00102564,0.00102564,0.00102564,0.00102564,0.00102564,0.13286976,0.00102564,0.46089104,0.00102564,0.00102564,0.00102564,0.00102564,0.27586079,0.00102564,0.11909633
183,0.00102564,0.00102564,0.10723878,0.00102564,0.34655983,0.00102564,0.00102564,0.17932602,0.00102564,0.00102564,0.00102564,0.35559329,0.00102564,0.00102564,0.00102564
184,0.00092593,0.00092593,0.00092593,0.00092593,0.15745711,0.00092593,0.00092593,0.00092593,0.00092593,0.06374508,0.13010172,0.00092593,0.00092593,0.00092593,0.63851089
185,0.00099503,0.51435773,0.07457711,0.39912484,0.00099503,0.00099503,0.00099503,0.00099503,0.00099503,0.00099503,0.00099503,0.00099503,0.00099503,0.00099503,0.00099503
186,0.00091324,0.00091324,0.57286641,0.00091324,0.00091324,0.00091324,0.00091324,0.12642805,0.00091325,0.00091325,0.00091324,0.00091324,0.00091324,0.00091325,0.28974660
187,0.00095238,0.00095238,0.00095238,0.00095238,0.00095238,0.00095238,0.23165725,0.51335990,0.00095238,0.00095238,0.04131913,0.11483728,0.03998042,0.00095238,0.05027457
188,0.00096619,0.00096618,0.16656927,0.00096619,0.00096619,0.09414888,0.00096618,0.09658882,0.00096619,0.00096618,0.00096618,0.00096618,0.63206499,0.00096619,0.00096619
189,0.14244049,0.00091324,0.12532858,0.00091324,0.00091324,0.58380898,0.00091324,0.00091324,0.00091324,0.00091324,0.00091324,0.00091324,0.13837627,0.00091325,0.00091324
190,0.26911500,0.23550083,0.23466927,0.17576154,0.00098039,0.07514941,0.00098039,0.00098040,0.00098039,0.00098039,0.00098039,0.00098039,0.00098039,0.00098039,0.00098039
191,0.33289373,0.00111111,0.27066971,0.00111111,0.00111111,0.00111111,0.00111111,0.00111111,0.38310320,0.00111111,0.00111111,0.00111111,0.00111111,0.00111111,0.00111112
192,0.12663095,0.41730120,0.34952012,0.00101010,0.00101010,0.00101010,0.00101010,0.00101010,0.00101010,0.00101010,0.00101010,0.09543660,0.00101010,0.00101010,0.00101010
193,0.00114943,0.00114943,0.34558833,0.00114943,0.08456155,0.00114943,0.00114943,0.15025780,0.00114943,0.00114943,0.00114943,0.00114943,0.00114943,0.00114943,0.40694862
194,0.00105820,0.00105820,0.00105820,0.02649129,0.30983906,0.00105820,0.00105820,0.06747289,0.00105820,0.08731267,0.17828783,0.00105820,0.00105820,0.05658990,0.26554073
195,0.14771853,0.10436122,0.00105820,0.32304878,0.00105820,0.00105821,0.00105820,0.00105820,0.00105820,0.15573405,0.00105820,0.00105820,0.00105820,0.00105820,0.25855539
196,0.00104167,0.16722471,0.00104167,0.05861180,0.07214043,0.00104167,0.00104167,0.00104167,0.00104167,0.00104167,0.00104167,0.00104167,0.69056471,0.00104167,0.00104167
197,0.70798138,0.00111111,0.00111111,0.00111111,0.27757414,0.00111111,0.00111111,0.00111111,0.00111111,0.00111111,0.00111113,0.00111111,0.00111111,0.00111111,0.00111111
198,0.67712060,0.00107527,0.00107527,0.00107527,0.01695329,0.00107527,0.00107527,0.08709803,0.00107527,0.00107527,0.00107527,0.00107527,0.12066362,0.00107527,0.08741175
199,0.00109290,0.00109290,0.70689338,0.00109290,0.00109290,0.00109290,0.00109290,0.08618699,0.00109290,0.00109290,0.00109290,0.00109290,0.00109290,0.00109290,0.19380484
200,0.18850814,0.00128205,0.54565565,0.00128205,0.00128205,0.00128205,0.25045156,0.00128205,0.00128205,0.00128205,0.00128205,0.00128206,0.00128205,0.00128205,0.00128206
201,0.00125786,0.00125786,0.21063444,0.00125786,0.00125786,0.00125786,0.00125787,0.00125787,0.15516961,0.00125786,0.00125786,0.00125786,0.00125786,0.00125786,0.61910158
202,0.00116959,0.00116959,0.15999225,0.00116959,0.00116959,0.00116960,0.00116959,0.00116959,0.00116959,0.00116959,0.62435194,0.00116959,0.00116959,0.00116959,0.20162070
203,0.15044744,0.56809481,0.09902716,0.04031072,0.00128205,0.00128205,0.00128205,0.00128206,0.00128205,0.00128205,0.00128205,0.00128205,0.00128206,0.00128205,0.12929932
204,0.46476716,0.00119048,0.00119048,0.14021092,0.00119048,0.32635821,0.00119048,0.00119048,0.00119048,0.00119048,0.05556846,0.00119048,0.00119048,0.00119048,0.00119048
205,0.12841830,0.00138889,0.22732219,0.00138889,0.21102766,0.00138889,0.00138889,0.21548022,0.00138889,0.20386271,0.00138889,0.00138890,0.00138889,0.00138889,0.00138889
206,0.00144928,0.16539145,0.62475026,0.00144928,0.00144928,0.00144928,0.00144928,0.00144928,0.09141184,0.00144928,0.10250440,0.00144928,0.00144928,0.00144928,0.00144928
207,0.00119048,0.05809438,0.00119048,0.18726423,0.00119048,0.05822569,0.00119048,0.05190952,0.00119048,0.00119048,0.11004041,0.00119048,0.52375147,0.00119048,0.00119048
208,0.28182031,0.15996548,0.07182426,0.36452588,0.00138889,0.00138889,0.00138889,0.00138889,0.00138889,0.10797515,0.00138889,0.00138889,0.00138889,0.00138889,0.00138889
209,0.00136055,0.00136055,0.00136055,0.00136054,0.00136055,0.06311582,0.00136055,0.78758090,0.00136054,0.00136055,0.00136055,0.00136055,0.00136055,0.00136055,0.13297673
210,0.40867887,0.48734730,0.00128205,0.08858919,0.00128205,0.00128205,0.00128205,0.00128205,0.00128205,0.00128205,0.00128205,0.00128205,0.00128205,0.00128205,0.00128205
211,0.00141844,0.00141844,0.27200645,0.00141844,0.31362721,0.16844007,0.00141844,0.00141844,0.00141844,0.09597600,0.13576586,0.00141844,0.00141844,0.00141844,0.00141844
212,0.00148149,0.00148149,0.63394370,0.00148148,0.00148148,0.00148148,0.00148149,0.10443562,0.00148148,0.00148148,0.00148148,0.05128052,0.00148148,0.00148148,0.19404384
213,0.17182555,0.00130719,0.00130719,0.00130719,0.00130719,0.31924836,0.00130719,0.00130719,0.02613178,0.08509482,0.00130720,0.06130409,0.32463066,0.00130719,0.00130719
214,0.00151516,0.00151515,0.70151817,0.00151515,0.05047183,0.00151515,0.00151515,0.00151515,0.00151516,0.00151515,0.00151516,0.00151517,0.00151516,0.00151515,0.22982812
215,0.00162602,0.00162602,0.00162602,0.00162602,0.00162602,0.00162602,0.00162602,0.12606554,0.00162602,0.17380277,0.00162602,0.00162602,0.57216888,0.00162602,0.11007661
216,0.00155039,0.39649657,0.00155040,0.50457284,0.00155039,0.00155039,0.00155039,0.00155039,0.00155039,0.00155039,0.00155039,0.00155039,0.00155039,0.08032590,0.00155039
217,0.24584579,0.04277553,0.57686560,0.00180181,0.00180180,0.00180180,0.00180181,0.00180181,0.00180180,0.00180181,0.00180180,0.00180180,0.11469322,0.00180181,0.00180180
218,0.00238096,0.45658115,0.40340927,0.00238096,0.00238096,0.00238096,0.00238096,0.00238096,0.00238096,0.00238096,0.00238096,0.00238095,0.00238095,0.00238096,0.11143809
219,0.00277778,0.00277778,0.00277779,0.42042845,0.00277778,0.00277778,0.00277778,0.00277778,0.05180601,0.00277778,0.33502212,0.16218778,0.00277778,0.00277779,0.00277779
220,0.57431425,0.00029895,0.00029895,0.00029895,0.26763175,0.01860466,0.00029895,0.00029895,0.00029895,0.00029895,0.11167245,0.00029895,0.00029895,0.00029895,0.02478735
221,0.19570360,0.03297852,0.00033003,0.27738615,0.00033003,0.20999675,0.00033003,0.06518731,0.00820977,0.00033003,0.14414354,0.00033003,0.06408413,0.00033003,0.00033003
222,0.05418741,0.00039683,0.17623872,0.00039683,0.00039683,0.15221899,0.00039683,0.44386835,0.01075417,0.15916091,0.00039683,0.00039683,0.00039683,0.00039683,0.00039683
223,0.50898499,0.18979021,0.00035651,0.15953813,0.00035651,0.00035651,0.00035651,0.06277599,0.00035651,0.03255326,0.04314885,0.00035651,0.00035651,0.00035651,0.00035651
224,0.00035651,0.00035651,0.21383193,0.00035651,0.00035651,0.19645796,0.08575571,0.00035651,0.00035651,0.28916947,0.00035651,0.00035651,0.19842118,0.01315519,0.00035651
225,0.12802160,0.00039920,0.00039920,0.00039920,0.00039920,0.00039920,0.00039920,0.05069061,0.01079890,0.24037020,0.22327718,0.00039920,0.00039920,0.00039920,0.34324868
226,0.00042463,0.09365158,0.25986265,0.00042463,0.00042463,0.00042463,0.28725099,0.14322355,0.00042463,0.11896972,0.00042463,0.01961195,0.00042463,0.00042463,0.07403252
227,0.04868820,0.00038760,0.10830386,0.00038760,0.00038760,0.24921324,0.53500342,0.00038760,0.00038760,0.05491531,0.00038760,0.00038760,0.00038760,0.00038760,0.00038760
228,0.05139406,0.00040650,0.04822445,0.00040650,0.00040650,0.00040650,0.28546353,0.00040651,0.03131170,0.00040650,0.00040650,0.04633890,0.13321895,0.40079638,0.00040651
229,0.00045662,0.00045662,0.00045662,0.00045662,0.42489101,0.00045662,0.39531072,0.03675762,0.00045662,0.00045662,0.00045662,0.00045662,0.00045662,0.13801782,0.00045662
230,0.35955771,0.00047619,0.00047619,0.00047619,0.12402215,0.15636258,0.00047619,0.00047619,0.32509565,0.00047619,0.00047619,0.00047619,0.03020000,0.00047619,0.00047619
231,0.00049020,0.20406110,0.00049020,0.00049020,0.05703122,0.11935607,0.04033914,0.00049020,0.00049020,0.00049020,0.00049020,0.18309631,0.39170438,0.00049020,0.00049020
232,0.00049020,0.05900511,0.00049020,0.00049020,0.00049020,0.00049020,0.14907749,0.00049020,0.00049020,0.00049020,0.00049020,0.00049020,0.30788129,0.33590218,0.14323196
233,0.31349424,0.00047619,0.14646431,0.00047619,0.00047619,0.00047619,0.00047619,0.00047619,0.00047619,0.00047619,0.38428123,0.00047619,0.00047619,0.00047619,0.15052211
234,0.00047619,0.00047619,0.19904339,0.00047619,0.00047619,0.07758823,0.57710671,0.01361360,0.00047619,0.00047619,0.00047619,0.00047619,0.08585201,0.04251034,0.00047619
235,0.76037068,0.00049383,0.10915031,0.00049383,0.05154232,0.00049383,0.00049383,0.07350458,0.00049383,0.00049383,0.00049383,0.00049383,0.00049383,0.00049383,0.00049383
